0 0.207875 0.476500 0.068750 0.351000
0 0.308375 0.475333 0.046250 0.359333
0 0.410250 0.475333 0.089000 0.384667
0 0.660000 0.446667 0.046000 0.144000
0 0.490500 0.477333 0.055500 0.488667
0 0.361125 0.772333 0.090750 0.176000
0 0.243500 0.742500 0.090000 0.158333
0 0.495500 0.818500 0.148500 0.179000
0 0.638125 0.918000 0.050750 0.072000
0 0.637250 0.844000 0.052500 0.076000
0 0.638000 0.778500 0.054000 0.071667
0 0.692375 0.794167 0.054750 0.082333
0 0.693500 0.859667 0.054000 0.074000
0 0.691625 0.933167 0.056250 0.075000
0 0.513875 0.947167 0.127250 0.080333
0 0.394750 0.919167 0.062500 0.053000
