0 0.920875 0.775333 0.096250 0.046667
0 0.678750 0.848167 0.179000 0.082333
0 0.674875 0.785667 0.175750 0.040667
0 0.655625 0.732667 0.154750 0.044667
0 0.810375 0.756667 0.117250 0.059333
0 0.825500 0.799333 0.132000 0.057333
0 0.743125 0.918000 0.256250 0.090667
0 0.829500 0.438833 0.090000 0.155000
0 0.767000 0.470167 0.096000 0.078333
0 0.524375 0.535667 0.665750 0.288667
0 0.409500 0.250833 0.478000 0.356333
0 0.429875 0.155333 0.420250 0.310000
0 0.718250 0.346667 0.112500 0.089333
0 0.774375 0.296167 0.093750 0.107000
0 0.730625 0.189833 0.076750 0.097000
0 0.690375 0.103500 0.071250 0.095000
0 0.691250 0.257667 0.107000 0.092667
0 0.745875 0.429500 0.117750 0.088333
0 0.727500 0.387833 0.100000 0.071667
0 0.920500 0.910167 0.079500 0.045667
