0 0.255625 0.311333 0.134250 0.335333
0 0.428750 0.278500 0.083500 0.203000
0 0.597000 0.290833 0.059500 0.232333
0 0.790375 0.199833 0.046250 0.162333
0 0.528375 0.494000 0.570250 0.109333
0 0.719000 0.875333 0.011000 0.074000
0 0.739250 0.876333 0.020500 0.078000
0 0.763000 0.877833 0.019500 0.077000
0 0.781375 0.877333 0.018750 0.078000
0 0.676750 0.908667 0.020500 0.163333
0 0.699375 0.877833 0.017250 0.077000
0 0.696625 0.957500 0.014750 0.067667
0 0.717375 0.956333 0.013250 0.078667
0 0.737500 0.958500 0.016000 0.075667
0 0.759500 0.958833 0.010500 0.081000
0 0.779875 0.959667 0.011750 0.078000
0 0.842250 0.284833 0.034000 0.040333
0 0.296625 0.830500 0.147750 0.330333
