0 0.816625 0.393167 0.081250 0.251000
0 0.744250 0.591500 0.511500 0.110333
0 0.727500 0.395167 0.101500 0.247000
0 0.651000 0.393500 0.089000 0.239667
0 0.575125 0.397167 0.092250 0.232333
0 0.502500 0.398667 0.095500 0.235333
0 0.431125 0.401833 0.100750 0.227000
0 0.364625 0.404000 0.096250 0.222667
0 0.296250 0.405500 0.104500 0.215667
0 0.235000 0.411333 0.108500 0.212667
0 0.172375 0.415000 0.113250 0.205333
0 0.115125 0.414333 0.106250 0.196000
0 0.247875 0.581500 0.495250 0.107000
0 0.345500 0.908667 0.148500 0.126000
0 0.504125 0.921167 0.165750 0.113667