0 0.627125 0.159667 0.044750 0.057333
0 0.784000 0.408667 0.238500 0.113333
0 0.777875 0.505333 0.161750 0.084000
0 0.786250 0.597167 0.209000 0.075000
0 0.919625 0.611333 0.014250 0.052000
0 0.705750 0.701667 0.047000 0.030000
0 0.728500 0.807500 0.083000 0.025667
0 0.873250 0.792000 0.082500 0.034000
0 0.433625 0.502833 0.054250 0.035000
0 0.429250 0.555667 0.044500 0.029333
0 0.430625 0.622500 0.040250 0.025667
0 0.521500 0.583833 0.081000 0.039000
0 0.524500 0.656500 0.097000 0.041000
0 0.429250 0.685833 0.044000 0.037000
0 0.429875 0.760167 0.041250 0.022333
0 0.427250 0.826500 0.049500 0.018333
0 0.362375 0.693667 0.027750 0.026000
0 0.523750 0.431667 0.065500 0.043333
0 0.270250 0.226667 0.104000 0.053333
0 0.269000 0.382833 0.103000 0.133000
0 0.102625 0.268167 0.029750 0.107667
0 0.647000 0.829500 0.053000 0.019000
0 0.224750 0.652167 0.022000 0.029000
0 0.260875 0.655167 0.028250 0.045667
0 0.536000 0.735667 0.077000 0.042667
