0 0.115000 0.412833 0.100000 0.199000
0 0.175875 0.412333 0.107750 0.200000
0 0.235375 0.411167 0.106250 0.208333
0 0.298250 0.409667 0.105500 0.213333
0 0.362375 0.407667 0.099250 0.228000
0 0.428625 0.404500 0.100750 0.228333
0 0.498500 0.400333 0.100000 0.234667
0 0.572000 0.396667 0.103000 0.237333
0 0.649000 0.396667 0.094500 0.239333
0 0.729875 0.390000 0.090750 0.244667
0 0.812625 0.398333 0.070250 0.259333
0 0.745375 0.590167 0.509250 0.115000
0 0.242375 0.582500 0.484250 0.099000
0 0.504500 0.921667 0.144500 0.094000
0 0.346250 0.904500 0.137500 0.121667
