0 0.68575 0.8415 0.1695 0.071
0 0.6725 0.7836666666666666 0.1555 0.042666666666666665
0 0.655625 0.7295 0.15325 0.053
0 0.809875 0.752 0.11325 0.05
0 0.82675 0.8008333333333333 0.1125 0.041666666666666664
0 0.926375 0.7716666666666666 0.08675 0.046
0 0.745875 0.9233333333333333 0.24275 0.08866666666666667
0 0.82825 0.44516666666666665 0.089 0.18633333333333332
0 0.526375 0.5385 0.69125 0.31033333333333335
0 0.41625 0.2628333333333333 0.468 0.4176666666666667
0 0.767375 0.2996666666666667 0.07675 0.13333333333333333
0 0.722375 0.18316666666666667 0.07425 0.119
0 0.689625 0.255 0.09625 0.08733333333333333
0 0.71775 0.353 0.11 0.096
0 0.758 0.4701666666666667 0.1155 0.101